44065
58272
54209
52605
57446
118612
69454
46630
72000
121199
70637
88827
116039
82143
90042
109112
68000
51898
74170
62901
65112
56469
54512
73884
117445
56155
52410
81272
60620
53987
134801
61200
55504
164625
51172
66700
78540
64955
78267
54956
163453
55410
59982
58480
70373
90304
121190
75217
93069
79552
84767
71000
84138
76491
95693
78202
76577
75025
88878
92887
91565
165212
78963
96026
76146
195133
57676
80000
75883
108740
88000
114400
137912
118438
44880
52020
52803
63619
41820
74393
75834
75118
90965
91366
74880
45778
94095
45900
96442
94844
94467
65521
77172
43645
12565
182368
74880
122400
81713
90122
49058
54768
104934
12565
52905
105450
62914
77344
91804
165286
79850
112053
78248
152180
104638
51248
90232
44737
46279
61685
12565
52913
48419
48089
68328
129805
87846
106228
41686
67782
12565
61671
169320
47947
294150
173767
184296
192320
274534
325028
67467
77498
54617
79372
45000
93536
80733
146481
45000
93806
46000
116490
210333
80870
57250
154644
64586
70477
82727
38289
31620
45859
49391
66115
45354
56126
43594
122076
160899
142674
45900
102533
43909
84574
163918
88769
48673
56126
40770
25000
79198
133765
108598
31620
31378
75000
46132
40931
27000
47514
30397
126799
87617
44520
79205
108288
41359
52020
66902
119600
90184
116566
56126
56540
103636
42373
65396
56126
56126
27000
44383
84741
53040
86779
158793
26000
216077
92463
105407
160692
44476
57314
65383
29500
84796
67351
88671
46479
78211
46708
98216
50068
147227
243288
31620
78620
117827
87211
36158
78649
137593
34682
86882
111550
77052
90121
85204
35700
35000
78463
56126
60780
235635
77859
47954
84663
206608
40799
79698
55012
35616
66576
54642
126754
82670
169261
36158
51096
96957
56126
61388
74105
57156
40033
86714
44030
89760
78773
44365
47150
37482
42592
28000
46240
80531
56126
61577
83679
81600
31465
69442
45726
55662
30000
183905
41190
41190
29580
38742
145358
48937
78232
118571
39272
223682
178500
81600
85185
82041
40000
53463
86000
36778
33660
30000
194750
67079
26010
46595
48465
46410
59670
45900
173701
53550
33660
245000
57952
56954
38435
307668
227600
94740
188340
185500
176400
60490
154000
195962
61300
55180
58960
260450
202500
235700
67220
223300
258600
191580
57400
114250
182750
121000
54230
189000
67220
216870
210108
74556
124400
70080
76500
165640
154640
186410
54060
59000
73000
72720
274757
55120
186000
78650
74770
86600
247970
63550
73810
184946
190250
252500
139000
264096
57110
54940
219310
134220
111180
68800
62930
133740
232100
97000
116700
161300
227200
115800
158750
103440
143880
72000
72500
60500
155660
70030
153620
186000
107100
112200
179070
211250
188200
225000
135260
188600
263000
70420
200724
65590
375360
197160
86220
60500
75470
60000
103400
217786
269772
185000
158505
91800
63850
171650
186980
131000
104140
111080
88000
55180
60280
131000
132498
252750
85100
304488
143270
155220
179340
198600
145300
225698
61500
253750
172400
198600
54000
56800
53000
198600
155660
75300
54825
240850
55120
63330
55180
202980
59370
75380
76200
72500
85680
60600
153110
71480
58000
54000
119600
230800
153000
239500
150000
157960
127000
178896
144402
104180
72500
159010
210440
184800
55940
109000
86000
100680
58420
72930
69060
198600
66900
63310
223200
118100
185800
242800
191500
54000
190250
218460
266472
178100
166700
213610
54000
58748
78340
58400
127500
196800
59200
54310
75050
115000
67830
140200
66410
238050
177540
211400
198600
262800
110592
251160
233440
160650
204000
284500
137500
137330
139098
54000
112368
68800
57000
105270
66920
54000
150350
213500
199100
54000
225000
215000
234000
150350
131000
29088
33787
34493
29203
29304
27948
30196
44831
28814
33081
30294
27411
29045
33640
28658
31260
28124
34675
51177
49081
29146
28042
27438
37819
27411
32645
38980
49694
61000
52645
48767
36720
121365
41000
57570
43696
45900
48516
96466
48266
36720
100918
118025
74558
144860
41518
56100
98490
51000
66000
79971
39882
86332
50000
79565
50000
67170
51000
139390
66686
114605
80123
96314
50000
53652
42000
42462
74297
42000
54915
106330
88307
135457
104066
28053
38610
57314
81878
37389
72201
157658
67808
82919
29080
83341
63706
80041
254604
190950
149054
109648
82741
113258
198388
255348
68002
89643
179466
137923
209967
79940
112000
61200
94232
93755
85968
59927
42709
114175
67676
47126
71553
96949
155509
154778
94903
166440
228432
86284
89664
198398
76386
39780
99000
98151
122730
81758
80166
58221
85752
24000
82222
87522
45759
54972
67000
168365
209509
68273
98505
62149
82807
138859
28608
134600
128000
31761
99501
51000
77901
32820
30000
91625
38099
72786
79000
135334
63489
70000
65854
123323
81000
67181
85000
88745
66000
57976
73000
91516
84000
78263
132013
65458
66950
185920
80200
61628
64870
76772
80947
56000
79571
78628
128138
80000
106512
50000
96001
126377
88921
89000
79703
61096
66648
148183
48000
177336
208984
44179
80000
61200
141194
122782
67050
77669
69750
211591
89742
101255
78763
147668
117826
140000
36300
70000
74501
73185
111631
71680
116280
98186
159453
58769
113798
128400
99124
102979
100481
218881
139923
51000
24480
182000
81507
81056
111500
96507
66088
115843
116548
138000
76597
139500
151426
97869
117300
222500
65000
136940
117276
94541
122072
60745
112500
110500
78734
71680
94541
66300
131232
48640
44817
93915
43500
39066
103510
96332
50186
73467
70200
72027
66000
50692
74852
66511
102099
129018
79015
66195
71706
110322
62196
59264
7344
99510
100000
86720
85600
200000
47842
92279
85000
66300
73124
82793
156286
224691
121823
143352
70706
217763
117599
180000
193678
114951
82188
107424
122930
214137
105000
292060
118091
112982
80183
239060
255499
175792
85935
80000
113588
211707
177000
148094
105000
70814
113730
115418
133679
89415
55858
54086
106530
72023
38000
69589
127538
107530
142934
73144
69196
129710
97444
116620
80464
97036
105915
56000
55000
71872
69360
74002
125169
74219
40000
72947
79110
142157
118696
57551
75130
69176
73440
70233
128312
75585
65383
106204
91800
65000
111358
66654
65516
97786
73702
94523
61710
78925
79492
70855
75287
100537
283897
61897
111718
78089
64026
83762
64880
88319
102416
82070
135000
43607
60874
191603
75000
89512
71400
65149
54086
103146
122873
95880
113070
67000
91959
66190
72490
64388
66770
90770
95887
53040
70380
71464
73381
56100
76942
66743
99455
81942
70841
90540
104942
79844
63004
81270
134116
82820
80528
73570
68340
75377
79908
93917
95000
75212
73189
71250
62896
60587
61245
127648
79000
77015
81190
64383
77464
75007
47940
102368
101937
133542
71573
87000
105812
69267
80600
79160
62000
124782
72109
45900
78117
71286
83675
55000
63374
43500
68655
72229
119485
79239
79685
94726
80659
68903
65297
60000
79039
98239
75665
46000
106866
98127
51000
125957
106930
119344
112181
122974
79728
75248
63394
74919
111719
46000
103349
79832
65204
91491
92458
71003
82499
105000
82000
123964
79000
74027
113491
99990
68735
78966
85000
99371
168108
77956
99710
62500
63838
82058
132290
67894
81871
150524
82956
88044
90458
80000
176064
80000
71396
63240
41712
76008
45337
82188
64260
63134
86071
61126
74099
151419
51000
76034
79538
66745
62087
67986
64500
94234
37500
79828
40400
40000
65861
51000
91425
93063
65665
65536
72218
97124
74873
37500
72716
69265
69927
35000
59534
83091
69677
40000
139054
89692
89543
65000
73173
150686
99072
55421
63735
68944
122434
67015
57181
71393
73332
74859
63116
60573
83375
83989
81400
73000
80992
72123
167460
100000
64240
85496
93524
172543
70441
70749
104567
58106
78295
50400
107936
65272
59260
122883
48714
32640
84537
66250
65000
104246
70400
65000
135064
82200
67456
126431
89000
61200
143705
96804
174467
138064
86477
38508
66745
132533
80000
57219
72334
96610
53550
34500
77607
79073
70000
71000
79966
131277
48485
98982
191191
143789
126518
52948
106381
92988
39178
76519
104628
40000
107444
72959
78059
129651
82189
94814
116202
51098
83244
64098
115718
43989
86018
57127
104335
50989
54505
109484
73481
88407
69525
92365
84572
78419
77778
76500
114409
75447
57120
109416
86332
158015
59160
52253
32640
44901
71439
134279
175136
130179
135659
98724
75044
88049
68810
114427
97676
102500
149622
141321
127720
101946
51500
131618
148994
157116
86153
89617
93500
50000
88483
121523
68616
66324
132796
70394
76800
79944
77706
130450
68380
99158
71680
73472
115560
66726
114271
74076
76436
89769
62567
130452
67000
76886
54365
51000
53164
53742
176359
123465
42840
172693
119025
266342
161546
112317
73467
70609
75105
72500
163245
207576
79268
58430
48450
56028
95781
94891
58421
93512
51119
57403
53550
51119
62623
53040
61861
49317
50128
140642
102000
44070
94994
52540
42840
53909
92948
50692
50245
50399
53329
55076
59558
57675
230414
63222
51510
100790
105000
102129
55841
107898
119096
61800
147996
125920
98043
94732
59347
98000
62418
56100
111700
298822
51510
163200
104966
57000
69266
100000
148000
95971
61162
84739
157802
94860
54848
140273
88000
322558
141840
117367
154496
94732
26000
95000
154000
107767
49980
48960
105912
70880
64124
90371
52586
87682
78000
103227
135960
94739
90945
92437
135954
68597
79188
90925
72828
95991
97419
71410
77304
70040
112875
99232
94435
110323
85671
98836
76917
81451
92698
121837
54181
152945
59662
88386
80736
74788
85294
86034
72172
118500
88009
106022
70000
35894
50000
70302
61281
69182
43860
44518
68411
162286
50000
31212
108003
83116
55000
126874
120958
40000
60000
90917
141916
153147
43000
139553
91135
70337
101412
69115
77215
36000
88899
56100
45900
221925
94117
62424
62430
97753
65604
159065
84901
64173
64008
73155
84923
247988
129700
168943
153250
168981
201846
197337
180636
222645
117450
180750
72520
245906
147898
66255
66255
50000
87818
192544
172844
155957
212755
154462
80286
60553
190286
246988
141270
200548
171266
184247
77744
192066
196549
151250
154250
151250
195433
234157
138277
170971
155770
331500
63240
151250
72520
151000
153250
132747
211931
154734
154765
129700
153250
191123
191123
34376
38716
52934
62332
47788
105825
41971
51201
104165
79632
69855
102894
55301
86156
58940
45855
76095
44989
56999
95510
54959
48402
61356
66235
56434
59813
44000
79971
56002
59683
59641
53502
62802
41168
59709
91931
228906
56621
57064
80583
56871
46715
71256
66007
49439
67432
57818
71933
112524
68256
62007
69608
67733
71792
42852
67589
74382
46365
126755
41208
58918
49866
112198
85906
70040
65276
56794
147488
58593
63974
55565
52988
70000
121158
119090
80010
70000
49406
88247
84631
155285
93022
52914
93298
49822
83737
125168
53560
96516
120601
54060
87035
57986
78141
84132
119239
97000
41000
53560
147955
89806
53560
41000
111944
101925
99612
54869
48873
106087
72170
153710
90000
81780
81344
84105
109962
96881
165000
135000
51040
75653
78801
105456
95556
57794
54246
100239
108839
54631
83832
76977
88683
90535
108041
101306
113042
135135
209577
117342
53560
101339
53560
72739
59763
165027
115000
55141
61627
58586
96000
166162
79219
100544
121219
112719
151345
101595
50000
120903
104606
93191
77403
111766
117587
97893
70794
114760
74360
109165
51090
62205
81752
40000
111258
138692
73000
109707
119147
57000
93032
104611
83178
127297
114811
125741
169361
63500
103753
143731
120903
103000
73000
115000
61973
64677
77770
78366
62000
73000
57848
96015
91000
102469
92000
99148
52066
70000
62646
67500
54573
83486
73561
101060
73235
97574
61750
42545
57232
110776
132500
57000
140760
96593
142735
102715
93346
107714
42500
89963
112706
101008
95746
139695
75000
111000
126168
90000
90777
102616
99000
80387
84575
106291
77000
79846
98069
73765
91949
100155
87788
82418
114168
83393
171000
92724
124109
75252
44315
110686
110601
170857
253666
52500
109587
101536
111628
120903
42715
73000
95513
83000
72727
110660
98257
56628
62630
56000
90000
63405
126905
83667
42065
62658
113434
97495
64140
142364
65568
41619
122153
52500
53000
72163
57523
34286
56000
38500
53588
120903
141356
109576
99000
83325
61000
83000
75000
102460
131179
163800
88000
93000
97219
112000
93691
55046
117828
138712
67877
126543
81153
42500
61245
85268
56537
77937
64980
74741
77814
93114
56333
66000
75206
59570
80428
139773
65331
77066
89620
58672
75949
61200
152286
182000
280506
42803
51000
72420
97044
232038
96759
136453
128825
85842
73440
127260
99616
56100
93213
84124
100794
70151
112766
90000
122400
65033
92141
89293
82992
92033
53165
96521
37740
127384
104535
49840
80937
84669
140104
92759
78252
40049
74313
78030
40078
81544
116981
109250
82447
40049
51900
52530
99721
99672
85809
83106
52348
78858
53130
89955
112779
140070
68315
61643
174103
138394
122696
82643
158319
81723
146301
51000
79448
93206
80753
78766
87538
115638
68442
135741
140206
172189
78879
101437
97270
69156
123868
173629
78789
98079
137377
106273
121225
66079
52000
105060
78738
84558
192393
149983
74350
135000
50000
129319
73805
132748
80320
129555
109389
164484
35000
61237
114709
66611
116014
200533
68875
61000
169486
117810
86822
322673
125000
58000
82430
76207
81767
192046
188219
83209
103500
117152
188338
100000
114707
47154
83000
120968
83774
150079
87998
90066
74422
198186
82209
152581
69949
119646
175081
138095
211965
113093
59405
86000
70000
85830
147371
97298
85466
32568
103954
120750
81680
151641
86885
86553
170963
51425
68100
44586
31559
161104
108199
123032
86105
150257
123234
81400
48050
80616
81676
45920
92000
51660
89335
49752
48000
85986
116402
170391
115462
87807
38819
86081
274821
74999
55035
86190
84926
186368
100875
61200
190813
53686
77705
204016
87545
46092
89294
51094
57244
84785
112538
177712
317475
51000
212130
217165
164800
84457
51571
61200
133928
145058
93025
51000
88274
123179
44129
97640
65510
66680
86265
81887
126300
69000
67626
64974
95500
74456
64365
64352
64089
72962
76700
76172
81312
76455
158672
48960
50500
107688
93823
53008
149933
70310
50500
46000
170115
99873
66777
146247
67817
82726
50985
76701
69000
59739
38927
46000
124155
100810
94221
38164
82557
108119
128292
70818
57120
160106
52000
65000
100000
43828
56000
63668
71823
161796
68061
61200
48960
69799
54687
63341
80189
116812
150806
92645
105305
96874
106981
103812
122470
92329
84409
94834
94415
177466
93819
102293
68162
40000
168969
88610
68291
61207
52005
43687
43663
40954
46570
43000
59834
69096
62399
127000
77684
81064
84150
53550
149353
77027
66567
77672
103313
85105
75258
74000
130361
82315
187398
88182
102381
113420
151700
180000
155520
156296
84092
86883
74028
187875
147874
115753
56100
74949
56100
104616
57148
81110
70360
77112
40818
73000
93689
88022
41820
63054
40818
48893
63846
150166
44042
40216
71324
104455
74069
42043
40216
40818
63226
100214
31749
59264
67034
70329
80117
60902
73381
70000
100000
158935
103858
297560
102000
108798
223745
38306
106106
143000
102736
51433
124864
48826
108328
98357
93445
138141
113825
95000
102828
117355
47607
89770
119403
329764
166121
86700
148713
114155
91614
69564
234509
73915
61465
123128
89110
73564
163184
98072
101034
166703
64662
40392
62328
110000
94963
143107
114439
214961
66300
91101
118450
102000
117875
61200
80631
40392
99498
147148
87580
91801
86700
84071
100000
191612
96132
92925
137355
141813
129964
108332
155886
152893
52800
90610
42000
44945
115376
71124
122660
180009
77559
156825
45900
115638
54243
63109
90000
146725
65137
92250
90000
82465
97333
113326
67957
35793
79022
63189
73880
144908
71766
76045
130913
77952
73514
97127
131122
73707
269556
72326
77500
79025
63189
47496
99174
82244
72373
65178
113000
79285
84869
65249
68452
63189
61986
80000
104258
58841
84572
90000
99500
174428
66300
87978
88980
131711
66300
217339
90000
111054
71335
170000
137503
176717
53920
76674
172761
73083
116518
63900
65622
71853
71567
79554
69693
88448
73521
56132
83857
105382
102429
88800
76614
66086
55144
65993
58987
66000
63500
59965
75000
62131
46813
62391
65299
66500
99455
69099
60000
122365
60571
90086
81448
52409
63000
78292
55763
44669
90489
60343
200417
137861
54663
193444
395352
300000
133426
162632
131300
83333
83329
61200
177813
54931
45000
40000
166535
