0.43
2.28
1.47
1.53
1.2
0.42
1.52
0.8
0.81
0.76
1.12
0.99
0.34
0.47
1.03
2.6
0.08
0.26
0.85
0.43
1.15
0.31
0.74
0.5
0.6
0.34
0.48
0.81
0.5
1.13
0.84
0.24
0.89
1.03
0.66
0.84
1.01
0.63
0.66
0.9
1.23
1.01
0.72
0.14
0.2
0.28
0.72
0.63
1.1
0.49
0.79
1
1.73
0.81
1.11
1.14
2.2
1.07
0.6
1.27
1.86
0.06
2.31
1.2
1.25
0.45
0.76
1.07
0.98
0.24
1.46
0.24
0.34
1.54
1.51
1.24
0.59
1.94
0.66
0.3
1.91
0.3
1.1
0.4
2.87
0.74
0.85
0.62
0.69
1.22
0.43
0.99
1.1
0.96
0.21
0.76
1.1
0.9
0.25
0.51
1.26
1.8
0.75
1.76
0.62
0.64
1.02
0.63
0.52
0.82
0.41
0.5
0.38
0.52
1.98
2.34
0.3
0.5
0.08
0.43
0.6
2.01
1.07
1.27
1.08
1.49
1.4
1.44
1.39
1.46
0.7
0.4
0.5
1.2
1.07
0.75
1
0.5
1.09
1.56
1.38
1.57
0.85
1.15
0.84
1.27
0.5
1.37
0.4
2.1
0.63
1.34
0.8
0.91
0.39
1.02
0.97
1.3
0.43
0.4
0.31
2.31
0.69
0.47
0.42
1.21
1.17
1.78
0.9
0.64
0.35
1
0.11
0.66
1.89
0.98
0.34
0.37
0.91
0.23
0.68
0.62
1.37
1.49
0.47
0.36
0.86
1.55
1.83
0.18
0.84
0.8
1.41
1.67
1.71
0.19
0.81
0.14
1.96
0.8
1.1
0.91
1.31
0.19
0.47
1.91
1.16
0.41
1.15
0.69
1.66
0.49
0.7
0.76
0.93
0.95
1.18
1.16
0.97
0.7
2.83
0.92
0.5
0.76
0.61
0.38
0.79
0.86
1.47
0.62
0.7
0.69
0.4
0.06
0.77
1.32
1.14
1.28
1.01
2.49
2.32
0.55
0.6
0.6
1.17
0.75
0.63
0.4
1.34
0.36
1.15
0.65
0.6
1.23
1.51
2.85
0.5
2.11
1.77
1.06
0.55
0.3
0.84
1.02
1.57
0.69
1.33
0.99
0.69
0.09
0.22
1.88
0.37
0.85
0.65
1
1.33
0.11
0.94
1.87
1.06
1.08
2
1.44
2.33
0.57
0.78
0.7
1.5
0.93
0.2
1.06
0.9
0.86
0.2
0.13
0.59
1.72
1.18
0.65
0.21
2.9
1.45
1.62
0.81
0.77
1.68
2.18
0.62
1.14
0.63
0.21
0.63
0.3
1.63
0.2
0.67
0.22
1.15
1.38
1.92
0.41
0.94
0.98
0.62
1.9
1.45
0.76
1.6
0.66
1.04
0.3
0.97
0.74
0.64
1.59
0.3
1.27
0.47
1.72
1.82
0.4
1.48
0.68
0.01
1.43
2
0.24
1.41
1.21
1.09
1.77
2.63
0.55
0.63
0.5
0.45
1.15
2.87
1.02
0.63
0.84
1.89
0.7
0.75
0.69
1.27
1.27
0.95
0.39
0.7
0.6
1.01
0.47
0.24
0.6
0.41
1.92
0.71
2.46
2.1
0.63
0.09
1.67
0.98
0.5
0.19
1.07
0.69
0.91
0.65
0.49
1.35
0.79
0.33
1.15
0.62
2.08
0.29
1.04
0.81
0.82
0.11
0.72
0.33
1.4
0.72
1.24
1.29
0.12
0.78
1.57
1.84
0.44
2.46
0.91
0.15
0.69
0.5
1.01
0.24
0.64
1.27
0.87
1.62
0.44
0.17
1.15
0.34
0.59
1.59
0.76
1.2
2.16
0.18
1.87
0.83
0.04
0.85
0.99
1.49
1.39
0.01
1.01
2.96
1.25
0.98
1.53
0.88
1.36
1.61
0.49
0.63
1
0.86
0.79
1.04
1.41
0.34
2.67
1.42
0.49
0.39
1.01
1.51
0.48
1.44
0.86
0.72
1.59
0.61
0.63
1.03
1.04
1.01
0.93
1.04
0.63
0.59
0.95
0.87
1.19
1.57
1.37
0.72
0.65
1.19
0.03
1.22
1.6
0.22
1.02
0.97
1.31
0.74
0.13
0.39
1.1
0.75
1.57
0.68
0.64
1.28
0.91
1.12
0.53
2.23
0.59
2.67
1.76
0.7
1.58
0.92
0.81
1.46
0.83
0.88
1.11
1.22
0.58
0.14
0.97
0.95
1.21
0.81
0.3
0.96
1.84
1.15
0.96
1.29
0.28
0.48
1.47
1.72
0.68
1.62
0.71
1.3
0.62
1.28
1.42
1.47
1.51
1.16
0.33
0.5
0.8
1.03
1.09
0.74
1.05
0.9
1.1
0.09
1.23
0.9
1.5
0.37
1.12
2.24
1.5
1.4
1.79
1.25
0.95
1.25
0.7
1.16
0.8
1.09
0.81
0.81
1.5
1.29
0.69
2.31
0.88
1.1
1.19
1.29
0.6
0.42
0.48
0.42
0.71
0.87
1.05
0.5
1.06
1.2
0.43
1.25
1.31
0.68
1.37
0.39
0.69
1.4
1.38
0.96
0.85
0.67
1.19
0.73
0.6
1.12
0.84
0.44
0.55
2.06
0.94
1.37
0.5
0.34
0.2
2.52
1.61
0.7
0.87
1.08
0.5
0.24
0.39
0.79
0.35
0.8
1.76
0.75
1.19
0.48
0.66
0.85
0.79
1.71
0.76
0.57
0.42
1.03
1.48
0.11
0.81
1.55
3.2
0.3
0.93
1.34
1.58
0.79
1.23
1.5
0.55
0.98
1.69
1.35
2.21
0.93
0.6
0.55
0.6
0.41
0.87
0.73
1.85
0.94
0.57
1.59
0.09
0.37
0.39
1.44
1.26
1.66
0.89
1.74
0.63
0.5
1.26
1.21
1.42
0.29
1.85
0.7
0.87
0.98
1.73
0.8
0.42
0.37
0.34
0.41
0.48
1.34
0.8
1.07
2.14
0.24
0.65
0.71
0.64
1.86
1.86
1.11
1.21
0.45
1
1.33
1.4
0.11
2.2
1.14
1.34
0.58
1.82
0.4
0.9
0.3
0.29
1.15
1.28
0.14
1.75
1.4
0.8
0.71
1.27
1.02
0.13
1.54
0.84
1.41
0.25
1.33
1.65
0.5
1.35
2.74
2.02
0.97
0.86
1.51
0.71
0.29
0.81
1.12
0.96
0.9
0.8
1.18
0.99
0.78
1.15
0.4
1.37
2.2
0.78
0.23
0.15
0.2
0.78
1.26
0.98
0.4
1.85
0.65
1.11
0.46
1.75
0.68
1.23
0.96
0.33
0.85
0.52
0.41
0.14
1.11
0.31
2.31
1.1
0.91
0.8
0.24
0.61
2.24
1.37
0.32
1.44
1.4
1.13
0.38
1.31
1.12
0.19
1.77
0.84
1.15
0.5
1.53
1.21
1.03
0.58
0.91
0.76
0.5
1.09
1.08
0.68
0.9
0.69
0.72
0.24
1.49
2.02
0.95
0.52
1.28
1.48
1
0.61
0.63
0.64
2.79
1.23
0.56
0.5
0.5
1.1
1.23
0.89
1.19
1.19
2.03
0.4
0.1
0.88
0.65
2.09
2.22
0.75
0.58
0.83
1.01
1.24
1.08
0.5
0.39
1.1
0.86
0.32
0.98
0.37
1.09
1.66
0.4
0.34
1.22
0.93
0.4
1.32
1.52
0.36
0.48
0.74
1.2
0.09
1.52
1.53
0.63
1.27
0.9
0.61
1.67
1.48
1.15
1.17
0.66
0.68
0.59
1.22
0.17
1.1
1.14
0.74
0.96
1.71
0.82
1.52
0.72
0.44
2.69
0.86
0.36
0.84
0.87
1.8
0.22
0.88
0.72
1.06
1
0.44
1.6
2.1
0.93
0.92
0.91
1.5
1.09
1.7
1.06
0.3
1.51
0.84
2.2
0.77
1.18
0.65
0.63
1.28
2.39
2.09
1.09
1.41
0.74
0.21
0.63
1.3
0.55
0.62
1.13
0.76
2.37
0.8
1.03
0.8
1.68
0.32
2.12
0.58
1.15
1.41
2.1
1.12
0.5
1.61
0.74
1
1.15
0.75
2.17
1.26
2.33
0.64
1.8
0.2
0.65
0.87
1.19
2.24
0.98
0.26
0.73
1.2
0.97
1.05
1.23
0.53
1.4
0.99
1
0.56
0.58
1.94
0.82
0.58
0.05
0.5
1.34
1.85
0.59
0.4
0.86
0.6
0.55
0.94
0.97
0.53
1.13
2.14
0.59
0.3
0.5
0.5
1.24
0.9
0.59
1.21
0.53
0.3
